# v1B shoe-shape candidate evaluated Blender samples; human style review pending; game local (-x,z,-y).
# source_sha256 f54437abc9ddcf75474962c1b34d6c30e689144dd30adb806b7f03df1faa943b
# glb_sha256 d6361c53ad3caf005e19e50f61991508cff856f068d1639b3f29bcc50e06c8fa
# sample: tick, grip XYZ, bounds min XYZ / max XYZ; point: selected source vertex XYZ
sample 0 -0.689502656 1.28155601 -0.000882013701 -0.885947108 0 -1.0051626 0.674516976 2.56514978 0.621613681
point 0.0744515657 0.722750008 -0.422236383
point -0.1247648 0.864606619 -0.298807502
point 0.404835135 1.49533832 -0.254138917
point 0.0146285528 2.09416199 -0.58193624
point 0.2267268 1.98477626 -0.513043225
point -0.666093707 0.0396899991 1.03094533e-09
point 0.054200083 0.063504003 0.0597559512
point -0.559502602 1.11024582 0.0434077978
point -0.714447021 1.41085517 0.177244306
point -0.126543641 1.02606463 0.266864091
point -0.434985399 1.3113904 -0.214222535
point -0.660372138 1.3136667 -0.0681355
sample 192 -0.808222115 1.4085561 0.26499474 -1.41411662 0 -0.963377893 0.512035728 2.69180393 0.780136764
point -0.219670504 0.849749982 -0.394577444
point -0.370994925 0.991606593 -0.215628415
point 0.207321033 1.6306448 -0.2849105
point -0.220189452 2.23898149 -0.540768027
point -0.00129872561 2.12768936 -0.503377676
point -0.666093707 0.0396899991 1.03094533e-09
point -0.663719058 0.999278963 0.722666442
point -0.670914114 1.23724568 0.262151122
point -0.770739436 1.53785491 0.440909773
point -0.187639296 1.15306449 0.324050605
point -0.642020822 1.43839025 -0.0225299448
point -0.803850532 1.44066668 0.191833496
sample 284 -0.214193612 1.74744833 0.621414661 -0.891648233 0 -1.87275839 0.835934877 2.60429001 0.894739687
point 0.177207083 0.762296081 -0.392551243
point -0.0430675149 0.903198659 -0.474225461
point 0.144903421 1.54036462 -0.513765335
point -0.284143895 2.14583921 -0.773804545
point -0.0650066584 2.03512192 -0.736153245
point -0.666093707 0.0396899991 1.03094533e-09
point -0.13841477 0.358905524 -1.28668344
point -0.258483529 1.5761379 0.751414657
point -0.201658487 1.54605258 -1.43193948
point -0.363112688 1.38973069 0.473587662
point 0.00329649448 1.40971708 -1.05070198
point 0.0437213182 1.44886422 -1.3778646
sample 312 -0.486800075 1.82959354 0.360619843 -0.993886113 0 -2.24787498 0.862093747 2.57466221 0.633944929
point 0.205045998 0.739801407 -0.386336327
point 0.0255054235 0.876255035 -0.541869998
point 0.0533304513 1.50444543 -0.694615006
point -0.370307177 2.10277939 -0.978919923
point -0.151957467 1.99349165 -0.933349371
point -0.666093707 0.0396899991 1.03094533e-09
point -0.112255931 0.063504003 -1.66180003
point -0.531090021 1.65828323 0.490619928
point -0.186577797 1.52050281 -1.55756843
point -0.614199102 1.45393538 0.200226396
point 0.0183775425 1.38416719 -1.17633104
point 0.0588021278 1.42331433 -1.50349355
sample 384 -0.649999619 1.69500041 -1.7165997 -0.859961092 0 -2.24787498 0.862093747 2.59548521 0.589350224
point 0.109177411 0.873738945 -0.35137251
point 0.121288508 0.993240774 -0.5975793
point 0.407652318 1.49895012 -1.27927423
point 0.0277113132 2.05575275 -1.68414116
point 0.237712309 1.95469344 -1.59821272
point -0.659993351 0.29613319 -0.0826773196
point -0.112255931 0.063504003 -1.66180003
point -0.694289446 1.5236901 -1.58659959
point -0.159851789 1.24581623 -1.06412292
point -0.698200107 1.47217047 -1.19055629
point 0.207414985 1.11388671 -0.762035489
point 0.0855281353 1.14862776 -1.01004815
sample 428 0.209225982 0.491709977 -1.61039281 -0.760776162 0 -2.24787498 1.15478849 2.30647111 0.64563489
point 0.00275710225 0.780650258 -0.405621022
point 0.092446208 0.883920252 -0.642973721
point 0.864002764 1.1737138 -1.22754765
point 0.55990696 1.66800547 -1.75811672
point 0.752957344 1.57915211 -1.62953293
point -0.667784989 0.757178843 -0.125816256
point -0.112255931 0.063504003 -1.66180003
point 0.148536563 0.323373318 -1.48315907
point -0.00786799192 1.06969965 -1.00910211
point -0.0610482693 0.902238667 -1.3924129
point 0.136243582 0.96599108 -0.606028557
point 0.228765666 0.968023419 -0.930061817
sample 680 0.380005836 0.616019368 -1.85124648 -0.925122857 0 -2.67563105 1.23139322 2.49153376 -1.08412504
point 0.101626813 0.725516617 -1.30165708
point 0.204530418 0.848975539 -1.52349901
point 0.743658662 1.36083651 -1.59264445
point 0.702126145 1.86066973 -2.19823813
point 0.818998218 1.77074063 -1.99836123
point -0.885434031 0.0396899991 -2.17632842
point -0.112255931 0.063504003 -1.66180003
point 0.246437669 0.448915362 -1.80180371
point 0.273574114 1.17667413 -1.76626325
point 0.117261112 0.921762466 -2.19693732
point 0.192787886 0.996612072 -1.32047224
point 0.386285484 1.07589149 -1.5432837
sample 816 0.447537184 0.893704772 -2.33123565 -0.925122857 0 -2.86701083 0.955540895 2.57137728 -1.08412504
point 0.255744129 0.739817142 -1.52939737
point 0.268182486 0.87548846 -1.7670604
point 0.544721782 1.48920298 -1.87842226
point 0.400627732 2.07056904 -2.38788509
point 0.542226493 1.96465874 -2.21344352
point -0.885434031 0.0396899991 -2.17632842
point -0.112255931 0.063504003 -1.66180003
point 0.322255492 0.722394407 -2.27496743
point 0.309628367 1.31786406 -2.04918051
point -0.207911909 0.958231628 -2.2214396
point 0.401959419 1.11031044 -1.58797228
point 0.43742919 1.22067559 -1.83284211
